0 0 -1.07374e+08 
1 0 -1.07374e+08 
2 0 -1.07374e+08 
3 0 -1.07374e+08 
4 0 -1.07374e+08 
5 0 -1.07374e+08 
6 0 -1.07374e+08 
7 0 -1.07374e+08 
8 0 -1.07374e+08 
9 0 -1.07374e+08 
10 0 -1.07374e+08 
11 0 -1.07374e+08 
12 0 -1.07374e+08 
13 0 -1.07374e+08 
14 0 -1.07374e+08 
15 0 -1.07374e+08 
16 0 -1.07374e+08 
17 0 -1.07374e+08 
18 0 -1.07374e+08 
19 0 -1.07374e+08 
20 0 -1.07374e+08 
21 0 -1.07374e+08 
22 0 -1.07374e+08 
23 0 -1.07374e+08 
24 0 -1.07374e+08 
25 0 -1.07374e+08 
26 0 -1.07374e+08 
27 0 -1.07374e+08 
28 0 -1.07374e+08 
29 0 -1.07374e+08 
30 0 -1.07374e+08 
31 0 -1.07374e+08 
32 0 -1.07374e+08 
33 0 -1.07374e+08 
34 0 -1.07374e+08 
35 0 -1.07374e+08 
36 0 -1.07374e+08 
37 0 -1.07374e+08 
38 0 -1.07374e+08 
39 0 -1.07374e+08 
40 0 -1.07374e+08 
41 0 -1.07374e+08 
42 0 -1.07374e+08 
43 0 -1.07374e+08 
44 0 -1.07374e+08 
45 0 -1.07374e+08 
46 0 -1.07374e+08 
47 0 -1.07374e+08 
48 0 -1.07374e+08 
49 0 -1.07374e+08 
50 0 -1.07374e+08 
51 0 -1.07374e+08 
52 0 -1.07374e+08 
53 0 -1.07374e+08 
54 0 -1.07374e+08 
55 0 -1.07374e+08 
56 0 -1.07374e+08 
57 0 -1.07374e+08 
58 0 -1.07374e+08 
59 0 -1.07374e+08 
60 0 -1.07374e+08 
61 0 -1.07374e+08 
62 0 -1.07374e+08 
63 0 -1.07374e+08 
64 0 -1.07374e+08 
65 0 -1.07374e+08 
66 0 -1.07374e+08 
67 0 -1.07374e+08 
68 0 -1.07374e+08 
69 0 -1.07374e+08 
70 0 -1.07374e+08 
71 0 -1.07374e+08 
72 0 -1.07374e+08 
73 0 -1.07374e+08 
74 0 -1.07374e+08 
75 0 -1.07374e+08 
76 0 -1.07374e+08 
77 0 -1.07374e+08 
78 0 -1.07374e+08 
79 0 -1.07374e+08 
80 0 -1.07374e+08 
81 0 -1.07374e+08 
82 0 -1.07374e+08 
83 0 -1.07374e+08 
84 0 -1.07374e+08 
85 0 -1.07374e+08 
86 0 -1.07374e+08 
87 0 -1.07374e+08 
88 0 -1.07374e+08 
89 0 -1.07374e+08 
90 0 -1.07374e+08 
91 0 -1.07374e+08 
92 0 -1.07374e+08 
93 0 -1.07374e+08 
94 0 -1.07374e+08 
95 0 -1.07374e+08 
96 0 -1.07374e+08 
97 0 -1.07374e+08 
98 0 -1.07374e+08 
99 0 -1.07374e+08 
100 0 -1.07374e+08 
101 0 -1.07374e+08 
102 0 -1.07374e+08 
103 0 -1.07374e+08 
104 0 -1.07374e+08 
105 0 -1.07374e+08 
106 0 -1.07374e+08 
107 0 -1.07374e+08 
108 0 -1.07374e+08 
109 0 -1.07374e+08 
110 0 -1.07374e+08 
111 0 -1.07374e+08 
112 0 -1.07374e+08 
113 0 -1.07374e+08 
114 0 -1.07374e+08 
115 0 -1.07374e+08 
116 0 -1.07374e+08 
117 0 -1.07374e+08 
118 0 -1.07374e+08 
119 0 -1.07374e+08 
120 0 -1.07374e+08 
121 0 -1.07374e+08 
122 0 -1.07374e+08 
123 0 -1.07374e+08 
124 0 -1.07374e+08 
125 0 -1.07374e+08 
126 0 -1.07374e+08 
127 0 -1.07374e+08 
128 0 -1.07374e+08 
129 0 -1.07374e+08 
130 0 -1.07374e+08 
131 0 -1.07374e+08 
132 0 -1.07374e+08 
133 0 -1.07374e+08 
134 0 -1.07374e+08 
135 0 -1.07374e+08 
136 0 -1.07374e+08 
137 0 -1.07374e+08 
138 0 -1.07374e+08 
139 0 -1.07374e+08 
140 0 -1.07374e+08 
141 0 -1.07374e+08 
142 0 -1.07374e+08 
143 0 -1.07374e+08 
144 0 -1.07374e+08 
145 0 -1.07374e+08 
146 0 -1.07374e+08 
147 0 -1.07374e+08 
148 0 -1.07374e+08 
149 0 -1.07374e+08 
150 0 -1.07374e+08 
151 0 -1.07374e+08 
152 0 -1.07374e+08 
153 0 -1.07374e+08 
154 0 -1.07374e+08 
155 0.033325 -1.07374e+08 
156 0.069854 -1.07374e+08 
157 0.105022 -1.07374e+08 
158 0.138008 -1.07374e+08 
159 0.16867 -1.07374e+08 
160 0.197047 -1.07374e+08 
161 0.223207 -1.07374e+08 
162 0.24726 -1.07374e+08 
163 0.269303 -1.07374e+08 
164 0.289465 -1.07374e+08 
165 0.30787 -1.07374e+08 
166 0.324659 -1.07374e+08 
167 0.339969 -1.07374e+08 
168 0.353932 -1.07374e+08 
169 0.366685 -1.07374e+08 
170 0.378322 -1.07374e+08 
171 0.388953 -1.07374e+08 
172 0.398684 -1.07374e+08 
173 0.407586 -1.07374e+08 
174 0.415737 -1.07374e+08 
175 0.423197 -1.07374e+08 
176 0.430035 -1.07374e+08 
177 0.436298 -1.07374e+08 
178 0.442033 -1.07374e+08 
179 0.447291 -1.07374e+08 
180 0.452112 -1.07374e+08 
181 0.456529 -1.07374e+08 
182 0.460575 -1.07374e+08 
183 0.464285 -1.07374e+08 
184 0.467682 -1.07374e+08 
185 0.470794 -1.07374e+08 
186 0.473655 -1.07374e+08 
187 0.476266 -1.07374e+08 
188 0.478659 -1.07374e+08 
189 0.480856 -1.07374e+08 
190 0.482871 -1.07374e+08 
191 0.484712 -1.07374e+08 
192 0.486397 -1.07374e+08 
193 0.487949 -1.07374e+08 
194 0.489365 -1.07374e+08 
195 0.490658 -1.07374e+08 
196 0.491851 -1.07374e+08 
197 0.49294 -1.07374e+08 
198 0.493936 -1.07374e+08 
199 0.494845 -1.07374e+08 
200 0.495688 -1.07374e+08 
201 0.49645 -1.07374e+08 
202 0.497153 -1.07374e+08 
203 0.497795 -1.07374e+08 
204 0.498384 -1.07374e+08 
205 0.498919 -1.07374e+08 
206 0.499412 -1.07374e+08 
207 0.499863 -1.07374e+08 
208 0.500279 -1.07374e+08 
209 0.500661 -1.07374e+08 
210 0.501002 -1.07374e+08 
211 0.501324 -1.07374e+08 
212 0.501615 -1.07374e+08 
213 0.501878 -1.07374e+08 
214 0.502123 -1.07374e+08 
215 0.502343 -1.07374e+08 
216 0.502544 -1.07374e+08 
217 0.502731 -1.07374e+08 
218 0.502903 -1.07374e+08 
219 0.503061 -1.07374e+08 
220 0.503207 -1.07374e+08 
221 0.503338 -1.07374e+08 
222 0.503456 -1.07374e+08 
223 0.503565 -1.07374e+08 
224 0.503669 -1.07374e+08 
225 0.50376 -1.07374e+08 
226 0.503847 -1.07374e+08 
227 0.50392 -1.07374e+08 
228 0.503995 -1.07374e+08 
229 0.50406 -1.07374e+08 
230 0.504118 -1.07374e+08 
231 0.504169 -1.07374e+08 
232 0.504221 -1.07374e+08 
233 0.504266 -1.07374e+08 
234 0.504311 -1.07374e+08 
235 0.504343 -1.07374e+08 
236 0.50438 -1.07374e+08 
237 0.504411 -1.07374e+08 
238 0.50444 -1.07374e+08 
239 0.504464 -1.07374e+08 
240 0.504494 -1.07374e+08 
241 0.504513 -1.07374e+08 
242 0.504535 -1.07374e+08 
243 0.504558 -1.07374e+08 
244 0.504569 -1.07374e+08 
245 0.504589 -1.07374e+08 
246 0.5046 -1.07374e+08 
247 0.504616 -1.07374e+08 
248 0.504622 -1.07374e+08 
249 0.504638 -1.07374e+08 
250 0.504651 -1.07374e+08 
251 0.50465 -1.07374e+08 
252 0.504664 -1.07374e+08 
253 0.504673 -1.07374e+08 
254 0.504678 -1.07374e+08 
255 0.504684 -1.07374e+08 
256 0.504699 -1.07374e+08 
257 0.504699 -1.07374e+08 
258 0.504702 -1.07374e+08 
259 0.504703 -1.07374e+08 
260 0.504712 -1.07374e+08 
261 0.504712 -1.07374e+08 
262 0.504724 -1.07374e+08 
263 0.504722 -1.07374e+08 
264 0.504724 -1.07374e+08 
265 0.504725 -1.07374e+08 
266 0.504735 -1.07374e+08 
267 0.504732 -1.07374e+08 
268 0.50473 -1.07374e+08 
269 0.504742 -1.07374e+08 
270 0.504736 -1.07374e+08 
271 0.504739 -1.07374e+08 
272 0.504742 -1.07374e+08 
273 0.504744 -1.07374e+08 
274 0.504745 -1.07374e+08 
275 0.504742 -1.07374e+08 
276 0.504746 -1.07374e+08 
277 0.504748 -1.07374e+08 
278 0.504749 -1.07374e+08 
279 0.504749 -1.07374e+08 
280 0.504749 -1.07374e+08 
281 0.504749 -1.07374e+08 
282 0.504749 -1.07374e+08 
283 0.504751 -1.07374e+08 
284 0.50475 -1.07374e+08 
285 0.504748 -1.07374e+08 
286 0.504757 -1.07374e+08 
287 0.504751 -1.07374e+08 
288 0.504753 -1.07374e+08 
289 0.504754 -1.07374e+08 
290 0.50475 -1.07374e+08 
291 0.504753 -1.07374e+08 
292 0.504755 -1.07374e+08 
293 0.504761 -1.07374e+08 
294 0.504755 -1.07374e+08 
295 0.50476 -1.07374e+08 
296 0.504754 -1.07374e+08 
297 0.50475 -1.07374e+08 
298 0.504758 -1.07374e+08 
299 0.504752 -1.07374e+08 
300 0.504754 -1.07374e+08 
301 0.504753 -1.07374e+08 
302 0.504761 -1.07374e+08 
303 0.504752 -1.07374e+08 
304 0.504754 -1.07374e+08 
305 0.504755 -1.07374e+08 
306 0.504752 -1.07374e+08 
307 0.504756 -1.07374e+08 
308 0.504758 -1.07374e+08 
309 0.504749 -1.07374e+08 
310 0.504761 -1.07374e+08 
311 0.504753 -1.07374e+08 
312 0.504752 -1.07374e+08 
313 0.504754 -1.07374e+08 
314 0.504756 -1.07374e+08 
315 0.504757 -1.07374e+08 
316 0.504757 -1.07374e+08 
317 0.504758 -1.07374e+08 
318 0.504757 -1.07374e+08 
319 0.504758 -1.07374e+08 
320 0.504753 -1.07374e+08 
321 0.504758 -1.07374e+08 
322 0.504759 -1.07374e+08 
323 0.504758 -1.07374e+08 
324 0.504759 -1.07374e+08 
325 0.504758 -1.07374e+08 
326 0.504759 -1.07374e+08 
327 0.504757 -1.07374e+08 
328 0.504758 -1.07374e+08 
329 0.504753 -1.07374e+08 
330 0.504757 -1.07374e+08 
331 0.504752 -1.07374e+08 
332 0.504754 -1.07374e+08 
333 0.504755 -1.07374e+08 
334 0.504752 -1.07374e+08 
335 0.504757 -1.07374e+08 
336 0.504756 -1.07374e+08 
337 0.504758 -1.07374e+08 
338 0.504753 -1.07374e+08 
339 0.504758 -1.07374e+08 
340 0.504757 -1.07374e+08 
341 0.504759 -1.07374e+08 
342 0.504757 -1.07374e+08 
343 0.504759 -1.07374e+08 
344 0.504757 -1.07374e+08 
345 0.504759 -1.07374e+08 
346 0.504757 -1.07374e+08 
347 0.504759 -1.07374e+08 
348 0.504757 -1.07374e+08 
349 0.504758 -1.07374e+08 
350 0.504757 -1.07374e+08 
351 0.49398 -1.07374e+08 
352 0.461802 -1.07374e+08 
353 0.425286 -1.07374e+08 
354 0.389045 -1.07374e+08 
355 0.354521 -1.07374e+08 
356 0.322178 -1.07374e+08 
357 0.292159 -1.07374e+08 
358 0.264457 -1.07374e+08 
359 0.238967 -1.07374e+08 
360 0.215557 -1.07374e+08 
361 0.193994 -1.07374e+08 
362 0.174155 -1.07374e+08 
363 0.155897 -1.07374e+08 
364 0.139097 -1.07374e+08 
365 0.123625 -1.07374e+08 
366 0.109365 -1.07374e+08 
367 0.09622 -1.07374e+08 
368 0.084106 -1.07374e+08 
369 0.072941 -1.07374e+08 
370 0.062651 -1.07374e+08 
371 0.053162 -1.07374e+08 
372 0.044416 -1.07374e+08 
373 0.036354 -1.07374e+08 
374 0.028917 -1.07374e+08 
375 0.022061 -1.07374e+08 
376 0.015737 -1.07374e+08 
377 0.009905 -1.07374e+08 
378 0.004526 -1.07374e+08 
379 0 -1.07374e+08 
380 0 -1.07374e+08 
381 0 -1.07374e+08 
382 0 -1.07374e+08 
383 0 -1.07374e+08 
384 0 -1.07374e+08 
385 0 -1.07374e+08 
386 0 -1.07374e+08 
387 0 -1.07374e+08 
388 0 -1.07374e+08 
389 0 -1.07374e+08 
390 0 -1.07374e+08 
391 0 -1.07374e+08 
392 0 -1.07374e+08 
393 0 -1.07374e+08 
394 0 -1.07374e+08 
395 0 -1.07374e+08 
396 0 -1.07374e+08 
397 0 -1.07374e+08 
398 0 -1.07374e+08 
399 0 -1.07374e+08 
400 0 -1.07374e+08 
401 0 -1.07374e+08 
402 0 -1.07374e+08 
403 0 -1.07374e+08 
404 0 -1.07374e+08 
405 0 -1.07374e+08 
406 0 -1.07374e+08 
407 0 -1.07374e+08 
408 0 -1.07374e+08 
409 0 -1.07374e+08 
410 0 -1.07374e+08 
411 0 -1.07374e+08 
412 0 -1.07374e+08 
413 0 -1.07374e+08 
414 0 -1.07374e+08 
415 0 -1.07374e+08 
416 0 -1.07374e+08 
417 0 -1.07374e+08 
418 0 -1.07374e+08 
419 0 -1.07374e+08 
420 0 -1.07374e+08 
421 0 -1.07374e+08 
422 0 -1.07374e+08 
423 0 -1.07374e+08 
424 0 -1.07374e+08 
425 0 -1.07374e+08 
426 0 -1.07374e+08 
427 0 -1.07374e+08 
428 0 -1.07374e+08 
429 0 -1.07374e+08 
430 0 -1.07374e+08 
431 0 -1.07374e+08 
432 0 -1.07374e+08 
433 0 -1.07374e+08 
434 0 -1.07374e+08 
435 0 -1.07374e+08 
436 0 -1.07374e+08 
437 0 -1.07374e+08 
438 0 -1.07374e+08 
439 0.018039 -1.07374e+08 
440 0.053479 -1.07374e+08 
441 0.087872 -1.07374e+08 
442 0.123566 -1.07374e+08 
443 0.158599 -1.07374e+08 
444 0.18898 -1.07374e+08 
445 0.213829 -1.07374e+08 
446 0.234351 -1.07374e+08 
447 0.252848 -1.07374e+08 
448 0.27024 -1.07374e+08 
449 0.286732 -1.07374e+08 
450 0.302423 -1.07374e+08 
451 0.317158 -1.07374e+08 
452 0.330973 -1.07374e+08 
453 0.343819 -1.07374e+08 
454 0.354464 -1.07374e+08 
455 0.365795 -1.07374e+08 
456 0.376504 -1.07374e+08 
457 0.386156 -1.07374e+08 
458 0.396739 -1.07374e+08 
459 0.407917 -1.07374e+08 
460 0.415066 -1.07374e+08 
461 0.419632 -1.07374e+08 
462 0.42324 -1.07374e+08 
463 0.426803 -1.07374e+08 
464 0.430528 -1.07374e+08 
465 0.434277 -1.07374e+08 
466 0.438017 -1.07374e+08 
467 0.441589 -1.07374e+08 
468 0.444966 -1.07374e+08 
469 0.448132 -1.07374e+08 
470 0.449395 -1.07374e+08 
471 0.452854 -1.07374e+08 
472 0.455942 -1.07374e+08 
473 0.458559 -1.07374e+08 
474 0.463298 -1.07374e+08 
475 0.466362 -1.07374e+08 
476 0.467527 -1.07374e+08 
477 0.467608 -1.07374e+08 
478 0.467543 -1.07374e+08 
479 0.467776 -1.07374e+08 
480 0.468242 -1.07374e+08 
481 0.468935 -1.07374e+08 
482 0.469654 -1.07374e+08 
483 0.470487 -1.07374e+08 
484 0.471262 -1.07374e+08 
485 0.470941 -1.07374e+08 
486 0.471699 -1.07374e+08 
487 0.472839 -1.07374e+08 
488 0.473865 -1.07374e+08 
489 0.474847 -1.07374e+08 
490 0.476926 -1.07374e+08 
491 0.477476 -1.07374e+08 
492 0.477324 -1.07374e+08 
493 0.476806 -1.07374e+08 
494 0.476376 -1.07374e+08 
495 0.476149 -1.07374e+08 
496 0.476103 -1.07374e+08 
497 0.476168 -1.07374e+08 
498 0.476292 -1.07374e+08 
499 0.476457 -1.07374e+08 
500 0.476615 -1.07374e+08 
501 0.47661 -1.07374e+08 
502 0.476846 -1.07374e+08 
503 0.477046 -1.07374e+08 
504 0.477197 -1.07374e+08 
505 0.477523 -1.07374e+08 
506 0.47767 -1.07374e+08 
507 0.477655 -1.07374e+08 
508 0.477639 -1.07374e+08 
509 0.477636 -1.07374e+08 
510 0.477664 -1.07374e+08 
511 0.477682 -1.07374e+08 
512 0.477723 -1.07374e+08 
513 0.477748 -1.07374e+08 
514 0.477785 -1.07374e+08 
515 0.477837 -1.07374e+08 
516 0.479377 -1.07374e+08 
517 0.479235 -1.07374e+08 
518 0.47823 -1.07374e+08 
519 0.477881 -1.07374e+08 
520 0.477481 -1.07374e+08 
521 0.475413 -1.07374e+08 
522 0.475719 -1.07374e+08 
523 0.47659 -1.07374e+08 
524 0.477393 -1.07374e+08 
525 0.478048 -1.07374e+08 
526 0.478538 -1.07374e+08 
527 0.478847 -1.07374e+08 
528 0.479041 -1.07374e+08 
529 0.479158 -1.07374e+08 
530 0.479223 -1.07374e+08 
531 0.479248 -1.07374e+08 
532 0.483796 -1.07374e+08 
533 0.482037 -1.07374e+08 
534 0.480327 -1.07374e+08 
535 0.479636 -1.07374e+08 
536 0.475338 -1.07374e+08 
537 0.473617 -1.07374e+08 
538 0.475017 -1.07374e+08 
539 0.476876 -1.07374e+08 
540 0.478558 -1.07374e+08 
541 0.479881 -1.07374e+08 
542 0.480809 -1.07374e+08 
543 0.481428 -1.07374e+08 
544 0.481783 -1.07374e+08 
545 0.481969 -1.07374e+08 
546 0.482048 -1.07374e+08 
547 0.48728 -1.07374e+08 
548 0.492029 -1.07374e+08 
549 0.489235 -1.07374e+08 
550 0.48704 -1.07374e+08 
551 0.484436 -1.07374e+08 
552 0.475597 -1.07374e+08 
553 0.474054 -1.07374e+08 
554 0.476949 -1.07374e+08 
555 0.480523 -1.07374e+08 
556 0.483765 -1.07374e+08 
557 0.486177 -1.07374e+08 
558 0.48767 -1.07374e+08 
559 0.488419 -1.07374e+08 
560 0.490498 -1.07374e+08 
561 0.499881 -1.07374e+08 
562 0.499839 -1.07374e+08 
563 0.4965 -1.07374e+08 
564 0.49427 -1.07374e+08 
565 0.484388 -1.07374e+08 
566 0.477884 -1.07374e+08 
567 0.478527 -1.07374e+08 
568 0.481914 -1.07374e+08 
569 0.485565 -1.07374e+08 
570 0.488695 -1.07374e+08 
571 0.490962 -1.07374e+08 
572 0.481934 -1.07374e+08 
573 0.449989 -1.07374e+08 
574 0.41448 -1.07374e+08 
575 0.378471 -1.07374e+08 
576 0.343472 -1.07374e+08 
577 0.310913 -1.07374e+08 
578 0.28139 -1.07374e+08 
579 0.255162 -1.07374e+08 
580 0.229049 -1.07374e+08 
581 0.204683 -1.07374e+08 
582 0.1826 -1.07374e+08 
583 0.162583 -1.07374e+08 
584 0.144297 -1.07374e+08 
585 0.127526 -1.07374e+08 
586 0.112117 -1.07374e+08 
587 0.09795 -1.07374e+08 
588 0.084924 -1.07374e+08 
589 0.072842 -1.07374e+08 
590 0.061726 -1.07374e+08 
591 0.051546 -1.07374e+08 
592 0.042146 -1.07374e+08 
593 0.033453 -1.07374e+08 
594 0.025289 -1.07374e+08 
595 0.017711 -1.07374e+08 
596 0.010855 -1.07374e+08 
597 0.0046 -1.07374e+08 
598 0 -1.07374e+08 
599 0 -1.07374e+08 
600 0 -1.07374e+08 
601 0 -1.07374e+08 
602 0 -1.07374e+08 
603 0 -1.07374e+08 
604 0 -1.07374e+08 
605 0 -1.07374e+08 
606 0 -1.07374e+08 
607 0 -1.07374e+08 
608 0 -1.07374e+08 
609 0 -1.07374e+08 
610 0 -1.07374e+08 
611 0 -1.07374e+08 
612 0 -1.07374e+08 
613 0 -1.07374e+08 
614 0 -1.07374e+08 
615 0 -1.07374e+08 
616 0 -1.07374e+08 
617 0 -1.07374e+08 
618 0 -1.07374e+08 
619 0 -1.07374e+08 
620 0 -1.07374e+08 
621 0 -1.07374e+08 
622 0 -1.07374e+08 
623 0 -1.07374e+08 
624 0 -1.07374e+08 
625 0 -1.07374e+08 
626 0 -1.07374e+08 
627 0 -1.07374e+08 
628 0 -1.07374e+08 
629 0 -1.07374e+08 
630 0 -1.07374e+08 
631 0 -1.07374e+08 
632 0 -1.07374e+08 
633 0 -1.07374e+08 
634 0 -1.07374e+08 
635 0 -1.07374e+08 
636 0 -1.07374e+08 
637 0 -1.07374e+08 
638 0 -1.07374e+08 
639 0 -1.07374e+08 
640 0 -1.07374e+08 
641 0 -1.07374e+08 
642 0 -1.07374e+08 
643 0 -1.07374e+08 
644 0 -1.07374e+08 
645 0 -1.07374e+08 
646 0 -1.07374e+08 
647 0 -1.07374e+08 
648 0 -1.07374e+08 
649 0 -1.07374e+08 
650 0 -1.07374e+08 
651 0 -1.07374e+08 
652 0 -1.07374e+08 
653 0 -1.07374e+08 
654 0 -1.07374e+08 
655 0 -1.07374e+08 
656 0 -1.07374e+08 
657 0 -1.07374e+08 
658 0 -1.07374e+08 
659 0 -1.07374e+08 
660 0 -1.07374e+08 
661 0 -1.07374e+08 
662 0 -1.07374e+08 
663 0 -1.07374e+08 
664 0 -1.07374e+08 
665 0 -1.07374e+08 
666 0 -1.07374e+08 
667 0 -1.07374e+08 
668 0 -1.07374e+08 
669 0 -1.07374e+08 
670 0 -1.07374e+08 
671 0 -1.07374e+08 
672 0 -1.07374e+08 
673 0 -1.07374e+08 
674 0 -1.07374e+08 
675 0 -1.07374e+08 
676 0 -1.07374e+08 
677 0 -1.07374e+08 
678 0 -1.07374e+08 
679 0 -1.07374e+08 
680 0 -1.07374e+08 
681 0 -1.07374e+08 
682 0 -1.07374e+08 
683 0 -1.07374e+08 
684 0 -1.07374e+08 
685 0 -1.07374e+08 
686 0 -1.07374e+08 
687 0 -1.07374e+08 
688 0 -1.07374e+08 
689 0 -1.07374e+08 
690 0 -1.07374e+08 
691 0 -1.07374e+08 
692 0 -1.07374e+08 
693 0 -1.07374e+08 
694 0 -1.07374e+08 
695 0 -1.07374e+08 
696 0 -1.07374e+08 
697 0 -1.07374e+08 
698 0 -1.07374e+08 
699 0 -1.07374e+08 
700 0 -1.07374e+08 
701 0 -1.07374e+08 
702 0 -1.07374e+08 
703 0 -1.07374e+08 
704 0 -1.07374e+08 
705 0 -1.07374e+08 
706 0 -1.07374e+08 
707 0 -1.07374e+08 
708 0 -1.07374e+08 
709 0 -1.07374e+08 
710 0 -1.07374e+08 
711 0 -1.07374e+08 
712 0 -1.07374e+08 
713 0 -1.07374e+08 
714 0 -1.07374e+08 
715 0 -1.07374e+08 
716 0 -1.07374e+08 
717 0 -1.07374e+08 
718 0 -1.07374e+08 
719 0 -1.07374e+08 
720 0 -1.07374e+08 
721 0 -1.07374e+08 
722 0 -1.07374e+08 
723 0 -1.07374e+08 
724 0 -1.07374e+08 
725 0 -1.07374e+08 
726 0 -1.07374e+08 
727 0 -1.07374e+08 
728 0 -1.07374e+08 
729 0 -1.07374e+08 
730 0 -1.07374e+08 
731 0 -1.07374e+08 
732 0 -1.07374e+08 
733 0 -1.07374e+08 
734 0 -1.07374e+08 
735 0 -1.07374e+08 
736 0 -1.07374e+08 
737 0 -1.07374e+08 
738 0 -1.07374e+08 
739 0 -1.07374e+08 
740 0 -1.07374e+08 
741 0 -1.07374e+08 
742 0 -1.07374e+08 
743 0 -1.07374e+08 
744 0 -1.07374e+08 
745 0 -1.07374e+08 
746 0 -1.07374e+08 
747 0 -1.07374e+08 
748 0 -1.07374e+08 
749 0 -1.07374e+08 
750 0 -1.07374e+08 
751 0 -1.07374e+08 
752 0 -1.07374e+08 
753 0 -1.07374e+08 
754 0 -1.07374e+08 
755 0 -1.07374e+08 
756 0 -1.07374e+08 
757 0 -1.07374e+08 
758 0 -1.07374e+08 
759 0 -1.07374e+08 
760 0 -1.07374e+08 
761 0 -1.07374e+08 
762 0 -1.07374e+08 
763 0 -1.07374e+08 
764 0 -1.07374e+08 
765 0 -1.07374e+08 
766 0 -1.07374e+08 
767 0 -1.07374e+08 
768 0 -1.07374e+08 
769 0 -1.07374e+08 
770 0 -1.07374e+08 
771 0 -1.07374e+08 
772 0 -1.07374e+08 
773 0 -1.07374e+08 
774 0 -1.07374e+08 
775 0 -1.07374e+08 
776 0 -1.07374e+08 
777 0 -1.07374e+08 
778 0 -1.07374e+08 
779 0 -1.07374e+08 
780 0 -1.07374e+08 
781 0 -1.07374e+08 
782 0 -1.07374e+08 
783 0 -1.07374e+08 
784 0 -1.07374e+08 
785 0 -1.07374e+08 
786 0 -1.07374e+08 
787 0 -1.07374e+08 
788 0 -1.07374e+08 
789 0 -1.07374e+08 
790 0 -1.07374e+08 
791 0 -1.07374e+08 
792 0 -1.07374e+08 
793 0 -1.07374e+08 
794 0 -1.07374e+08 
795 0 -1.07374e+08 
796 0 -1.07374e+08 
797 0 -1.07374e+08 
798 0 -1.07374e+08 
799 0 -1.07374e+08 
800 0 -1.07374e+08 
801 0 -1.07374e+08 
802 0 -1.07374e+08 
803 0 -1.07374e+08 
804 0 -1.07374e+08 
805 0 -1.07374e+08 
806 0 -1.07374e+08 
807 0 -1.07374e+08 
808 0 -1.07374e+08 
809 0 -1.07374e+08 
810 0 -1.07374e+08 
811 0 -1.07374e+08 
812 0 -1.07374e+08 
813 0 -1.07374e+08 
814 0 -1.07374e+08 
815 0 -1.07374e+08 
816 0 -1.07374e+08 
817 0 -1.07374e+08 
818 0 -1.07374e+08 
819 0 -1.07374e+08 
820 0 -1.07374e+08 
821 0 -1.07374e+08 
822 0 -1.07374e+08 
823 0 -1.07374e+08 
824 0 -1.07374e+08 
825 0 -1.07374e+08 
826 0 -1.07374e+08 
827 0 -1.07374e+08 
